epoch_num: 3, lr: 0.000001, batch_size: 32, eval_acc: 0.6838
epoch_num: 1, lr: 0.00005, batch_size: 32, eval_acc: 0.8039
epoch_num: 3, lr: 0.00002, batch_size: 16, eval_acc: 0.8504